841
331 493
326 128
707 406
57 100
146 106
226 30
428 557
588 624
2 71
176 753
36 136
407 341
641 478
583 721
198 26
101 344
644 779
148 298
393 519
615 250
316 339
631 13
477 103
309 556
10 288
5 355
508 225
330 66
483 172
559 796
212 188
134 96
87 7
194 255
20 841
299 802
45 47
21 43
446 348
380 711
269 296
383 17
502 575
31 541
70 193
211 426
369 151
254 94
287 109
731 788
197 774
490 831
108 19
753 830
522 501
555 17
307 261
332 45
40 114
588 678
110 83
20 10
15 40
481 61
608 353
52 59
650 290
816 486
829 839
647 694
717 834
139 680
829 272
51 817
288 594
53 628
179 42
317 740
640 773
85 42
11 167
227 101
527 702
75 399
264 422
270 135
96 596
644 532
117 272
705 160
37 1
756 131
106 340
520 572
60 244
239 54
229 68
17 10
320 178
800 325
168 177
475 173
207 172
520 130
191 78
801 781
300 239
362 344
56 269
494 154
452 163
789 169
130 112
389 115
498 468
242 221
59 124
322 696
322 251
31 14
217 567
502 208
640 151
34 15
275 675
708 69
285 658
253 228
125 337
543 578
345 45
659 270
172 464
64 111
92 425
128 72
143 663
316 296
501 606
15 835
189 152
285 529
620 239
401 815
107 368
593 480
192 203
136 205
674 699
6 674
471 190
407 610
384 57
50 133
117 744
58 34
23 7
37 562
639 332
156 96
89 61
459 343
292 760
162 240
781 795
260 393
11 1
751 695
377 824
610 698
719 609
602 596
600 249
42 38
192 349
113 560
211 336
234 84
536 22
576 276
267 677
17 484
213 246
655 570
72 141
695 142
299 388
623 403
836 618
8 15
58 436
400 115
827 77
488 660
379 289
782 31
605 163
312 597
245 29
130 233
739 252
461 289
272 591
188 181
338 517
127 667
411 210
643 554
348 342
563 348
124 211
60 88
304 439
741 607
185 138
128 799
84 294
617 580
416 473
486 300
837 153
75 627
8 305
266 92
780 488
515 466
38 74
516 616
10 14
775 357
138 21
609 247
132 161
252 507
63 82
550 264
129 107
266 401
298 319
511 203
614 228
338 378
154 247
352 257
424 24
599 121
621 664
94 73
91 403
754 137
264 114
649 90
54 258
180 262
124 427
221 236
415 356
170 311
46 45
766 567
22 2
357 109
385 386
12 24
822 648
210 467
273 120
11 36
693 295
787 274
346 79
738 53
428 380
359 283
42 412
504 392
162 114
340 416
92 78
536 647
60 24
465 214
683 448
105 7
621 140
70 158
103 51
712 108
95 148
172 140
361 292
420 637
532 283
556 661
68 703
450 814
811 355
286 66
315 102
37 149
622 132
807 502
283 75
589 27
175 271
336 499
489 250
552 638
376 618
282 98
539 354
252 451
417 168
51 104
462 168
375 343
88 194
43 381
558 246
8 611
450 723
3 448
159 122
8 2
12 13
534 262
653 4
83 76
580 713
424 734
313 116
92 469
378 488
46 142
70 81
263 525
669 55
732 182
238 276
792 559
233 768
700 304
433 252
241 168
17 53
476 144
61 656
44 16
220 402
299 706
40 252
17 530
540 5
356 140
828 333
117 279
743 668
433 479
491 85
169 201
216 107
271 338
90 749
190 48
61 35
510 155
146 770
784 533
9 1
440 790
545 24
5 2
558 757
17 18
145 119
74 120
670 589
365 137
174 38
17 154
112 52
317 116
736 209
140 54
235 358
139 619
271 804
409 370
333 37
264 818
31 490
341 722
290 786
470 682
30 28
11 366
382 132
428 503
315 513
26 16
406 43
97 132
472 281
9 291
450 95
150 113
648 507
376 240
238 208
143 160
69 56
306 370
411 577
339 717
559 579
742 556
325 279
457 214
200 761
611 735
1 51
726 427
21 33
494 583
112 217
25 838
4 3
402 441
437 387
533 465
270 512
288 654
27 23
50 52
25 41
237 3
10 39
15 97
44 432
42 65
535 184
566 228
374 253
178 110
172 323
253 468
95 27
728 71
120 122
24 38
215 121
128 485
72 235
496 58
166 126
482 439
83 157
704 513
96 99
223 268
60 155
17 265
234 385
341 497
476 543
68 29
257 74
581 2
140 506
272 453
220 771
174 334
664 769
62 24
320 607
302 255
793 165
805 23
45 40
578 685
225 277
190 418
90 54
166 176
8 56
61 153
545 642
274 92
26 29
152 43
151 6
781 519
202 429
270 603
430 8
12 101
86 76
725 55
27 49
181 157
1 16
229 308
152 251
73 50
281 237
256 73
387 456
748 764
23 115
73 116
370 601
182 71
79 117
709 82
285 187
524 448
514 626
470 50
8 812
50 18
166 501
222 692
380 444
527 88
588 629
234 449
723 724
248 48
181 204
4 91
190 463
2 1
173 55
225 284
371 372
587 63
404 387
231 74
393 808
435 731
118 297
68 77
1 84
564 205
331 245
405 244
35 9
12 671
97 295
183 144
672 122
324 25
531 803
681 348
523 686
797 629
263 105
820 8
492 542
53 353
7 1
10 55
271 321
30 76
423 98
569 215
6 394
54 224
14 538
154 636
129 200
507 613
718 616
767 428
486 625
755 260
138 175
515 679
40 684
483 806
70 210
35 57
598 477
116 396
26 289
505 296
243 58
220 301
591 635
52 213
57 435
395 122
138 454
269 752
580 8
182 474
137 546
514 665
460 254
630 404
237 354
597 634
113 232
559 95
209 398
11 565
553 263
31 121
547 479
551 106
459 687
96 24
342 570
363 350
120 310
442 128
156 180
143 531
538 763
211 586
633 221
309 77
126 9
716 4
314 211
434 363
794 445
136 662
52 410
537 140
438 691
798 600
41 521
458 309
318 105
6 4
66 14
748 184
192 114
666 452
431 720
714 91
98 33
4 222
620 823
225 77
574 460
197 36
2 3
347 264
228 280
791 136
172 813
124 186
645 260
306 165
102 54
328 276
168 21
701 371
364 676
299 697
34 733
9 10
17 32
14 604
246 342
361 518
22 762
267 657
48 413
173 292
5 164
258 259
603 825
165 150
164 184
98 118
22 137
412 758
82 202
218 76
67 419
461 778
6 25
111 170
286 290
351 268
196 38
440 307
87 293
571 162
58 72
397 810
75 390
303 271
360 301
54 78
125 169
38 673
260 254
376 443
135 15
759 135
226 819
438 265
107 82
400 745
87 552
163 47
160 612
737 677
58 127
278 218
588 374
32 119
431 83
162 548
27 219
469 523
785 629
87 380
135 387
526 361
729 651
223 133
31 492
28 5
195 24
261 50
80 53
421 274
673 715
30 514
327 251
335 408
690 494
267 235
275 335
84 221
826 307
487 455
220 116
62 93
32 214
18 833
646 75
393 590
689 259
65 299
547 783
509 101
561 442
140 809
652 184
55 480
209 42
183 500
765 289
145 568
110 341
750 45
178 199
67 36
509 528
516 41
61 230
70 17
776 332
208 178
291 595
210 329
455 104
147 6
549 523
49 75
119 131
138 371
730 143
312 305
443 554
688 433
228 3
414 241
516 747
373 272
495 492
155 544
651 362
343 377
187 182
21 19
447 88
584 579
113 20
304 62
397 127
777 682
125 32
54 4
281 772
48 21
710 55
79 68
143 97
144 90
12 109
45 275
137 250
249 110
100 106
239 840
171 343
145 632
390 391
54 63
19 10
64 43
466 182
84 821
367 108
310 746
10 12