923
600 291
780 277
88 181
16 106
296 150
313 289
383 472
376 341
105 324
834 543
535 466
130 93
126 882
845 492
51 191
571 249
485 282
191 203
58 318
466 344
350 40
364 696
292 507
11 8
146 286
275 843
173 213
105 3
865 176
302 58
693 317
128 27
852 801
209 335
303 827
185 151
178 51
733 36
207 164
399 120
168 242
643 135
40 110
98 85
31 27
228 6
274 661
316 528
440 339
182 460
640 107
165 263
721 595
290 106
134 39
276 194
18 139
15 115
150 53
331 317
585 460
340 95
597 724
138 35
142 65
510 152
174 6
78 45
395 322
117 26
573 710
89 670
720 614
628 471
325 225
14 137
364 537
61 912
423 109
117 574
314 901
478 371
836 757
484 795
729 779
313 802
897 878
830 241
664 491
325 674
505 361
72 540
96 279
258 334
71 216
86 53
12 58
420 771
134 531
745 894
102 236
922 581
36 411
352 204
32 82
30 172
586 565
444 458
316 206
200 19
269 496
523 274
424 164
412 356
637 689
13 41
264 214
1 2
224 394
320 244
622 152
115 579
662 659
12 374
18 45
85 53
422 122
140 99
402 413
277 649
34 69
180 71
563 510
543 634
265 284
258 33
673 541
676 204
46 452
4 341
270 288
222 42
684 307
150 543
452 553
87 74
770 688
636 131
133 226
281 787
194 97
406 558
4 1
650 591
742 565
801 111
680 719
704 741
512 107
29 551
501 84
186 218
203 615
15 165
229 589
329 697
767 76
164 137
596 871
68 716
244 176
198 118
171 557
186 490
614 621
83 23
45 267
717 447
254 353
179 63
307 631
147 117
88 525
148 128
848 103
117 775
785 749
753 477
691 584
273 451
548 564
428 423
83 220
656 870
168 95
378 106
300 605
741 748
774 624
356 759
377 47
246 75
635 596
796 372
97 74
229 99
524 421
77 177
317 416
590 24
538 445
344 264
357 210
356 919
885 514
464 596
647 157
568 594
59 189
582 813
436 115
298 407
157 93
77 274
615 911
764 538
214 20
70 309
198 201
167 90
539 233
433 309
544 773
62 155
917 348
26 13
499 820
92 101
311 389
148 221
673 708
249 307
122 272
102 9
88 393
133 130
881 636
557 760
641 722
130 448
112 778
648 51
617 388
96 366
412 429
831 480
790 780
3 5
211 149
80 434
409 544
35 14
360 26
11 651
82 495
477 307
874 696
161 15
46 37
21 42
213 278
121 6
273 7
95 94
40 108
863 906
280 300
52 233
123 398
123 396
4 6
45 96
81 45
529 422
25 354
27 245
269 93
162 26
74 287
29 1
217 271
239 405
745 765
492 580
744 712
15 30
704 73
90 77
5 27
136 603
321 49
903 23
186 11
748 891
402 197
581 616
562 58
459 310
444 196
847 440
301 323
235 170
851 765
237 705
799 287
812 833
183 914
431 164
53 915
691 757
421 378
60 508
145 659
95 111
517 245
66 56
93 77
59 11
234 400
636 781
16 22
825 726
515 112
368 294
377 401
84 149
3 43
876 547
805 304
909 222
303 675
312 556
194 519
612 138
77 513
630 418
479 348
69 506
432 71
425 270
448 486
859 385
219 47
55 48
153 541
372 13
467 222
76 51
129 120
156 141
24 866
383 267
363 221
144 197
920 3
44 187
358 199
734 107
553 921
124 33
60 45
3 64
702 749
503 83
23 611
438 487
437 291
122 111
706 726
390 806
823 10
242 253
599 80
159 145
21 2
1 329
342 223
666 26
497 349
192 686
923 337
627 139
304 89
198 685
867 323
548 544
77 723
902 256
816 532
248 182
13 417
103 46
169 144
730 364
328 193
515 728
243 397
359 158
373 3
403 12
119 39
10 514
492 435
559 327
910 751
424 706
610 302
72 861
127 45
94 337
217 183
54 89
156 665
62 629
435 89
608 244
905 570
40 26
38 94
414 128
7 15
598 47
502 179
547 809
648 807
645 408
112 8
549 436
95 154
898 750
604 304
842 825
544 758
5 8
7 5
276 688
12 8
91 292
144 32
50 14
31 100
364 1
17 8
102 786
370 343
100 152
711 582
418 193
141 314
216 391
500 606
123 743
212 533
206 491
585 669
374 850
109 158
301 292
618 615
671 125
192 73
353 430
864 378
613 197
566 537
367 499
650 839
341 453
657 504
125 446
738 75
16 5
3 2
404 178
493 754
884 835
761 266
755 475
445 170
22 408
814 126
23 4
256 20
643 712
646 620
14 7
563 698
168 369
492 750
663 463
157 653
325 522
886 574
447 125
243 100
678 76
832 381
614 159
855 237
282 591
71 9
104 747
251 143
33 116
46 567
61 873
44 299
228 638
380 319
348 304
301 578
67 2
488 32
61 30
24 381
446 879
23 24
18 171
500 472
573 86
89 255
97 498
123 111
114 252
62 410
347 309
908 263
32 7
36 23
457 398
762 615
896 210
77 176
333 327
450 679
545 763
103 315
332 474
567 857
847 869
84 22
858 278
297 561
53 74
294 33
110 521
405 480
856 849
39 54
256 277
352 356
119 146
584 571
668 120
887 611
186 205
175 99
228 291
22 44
138 454
904 777
557 637
320 345
731 61
153 36
232 48
275 632
56 471
136 141
527 411
200 438
308 326
575 564
78 79
18 34
711 835
206 4
652 475
73 24
746 200
463 239
39 210
303 815
483 468
221 868
295 178
808 589
70 14
48 9
782 616
623 644
422 516
242 745
7 13
345 388
262 11
826 72
24 125
225 60
253 783
174 592
552 875
259 247
193 88
16 419
550 68
491 837
80 10
204 34
134 581
401 740
182 247
287 555
107 131
324 822
156 330
151 641
188 110
895 770
10 2
420 228
169 469
332 572
624 264
365 819
26 53
62 35
418 620
7 190
52 694
578 681
149 752
751 280
23 51
28 63
38 239
872 149
131 362
889 92
19 5
701 789
126 308
285 225
687 598
621 784
796 838
667 6
623 265
794 551
918 366
347 607
491 530
170 196
529 829
65 21
336 300
42 714
758 800
289 200
49 690
552 461
788 760
163 199
547 487
36 57
32 361
862 693
595 193
281 106
443 792
297 190
340 880
326 332
129 367
287 846
766 841
793 57
145 107
140 777
15 52
354 821
449 79
87 860
350 386
639 87
654 614
259 349
804 185
571 642
173 67
268 212
36 597
35 104
58 375
275 54
534 367
302 707
136 695
703 52
481 20
45 450
487 493
737 217
16 38
409 142
760 840
338 532
84 265
658 55
148 151
797 568
68 44
277 461
89 160
47 33
75 14
54 99
212 99
1 92
854 223
877 220
442 146
791 916
336 339
249 185
137 317
844 371
22 371
318 677
888 390
4 9
199 699
184 569
24 28
883 301
305 546
72 565
781 810
306 536
120 21
24 441
901 907
266 118
612 672
346 110
235 626
601 579
500 811
310 182
76 390
10 88
372 735
106 113
282 482
656 405
325 739
270 24
18 588
619 34
69 473
305 280
511 335
392 191
817 518
818 564
196 582
65 143
8 91
52 476
593 413
494 167
91 209
27 33
242 260
361 824
12 240
223 111
434 633
587 1
468 334
828 240
475 272
327 325
235 484
73 465
682 12
791 613
86 542
124 202
178 303
520 357
237 65
406 370
224 120
849 435
878 827
776 438
660 913
583 571
602 322
385 193
568 300
890 773
768 170
612 893
632 853
4 72
32 109
725 552
93 166
798 527
231 91
248 280
136 16
701 477
241 200
22 25
303 455
298 133
311 235
609 194
166 208
674 709
232 254
736 659
769 547
112 718
81 683
706 892
229 439
32 184
518 161
384 203
56 31
766 387
576 395
803 423
700 101